3.970079806777690568e+00 4.883301422357771981e-01 0.000000000000000000e+00
3.840334652375900770e+00 1.118851982060571792e+00 0.000000000000000000e+00
3.611126847712530452e+00 1.720396143255896293e+00 0.000000000000000000e+00
3.288392754531042517e+00 2.277382948023397802e+00 0.000000000000000000e+00
2.880491016320419817e+00 2.775386730691302262e+00 0.000000000000000000e+00
2.397986073839395882e+00 3.201509454877857763e+00 0.000000000000000000e+00
1.853374551650046387e+00 3.544714765858600014e+00 0.000000000000000000e+00
1.260761602105807899e+00 3.796113826356580123e+00 0.000000000000000000e+00
6.354955893146214674e-01 3.949195532758749128e+00 0.000000000000000000e+00
-6.229425429343206193e-03 3.999995149279411244e+00 0.000000000000000000e+00
-6.477931013268545257e-01 3.947196992534491855e+00 0.000000000000000000e+00
-1.272579276170057394e+00 3.792168507050087900e+00 0.000000000000000000e+00
-1.864406316215584170e+00 3.538924849167531583e+00 0.000000000000000000e+00
-2.407946211998695851e+00 3.194024896603207431e+00 0.000000000000000000e+00
-2.889121565726976648e+00 2.766401376960925251e+00 0.000000000000000000e+00
-3.295470188488643259e+00 2.267129514779123944e+00 0.000000000000000000e+00
-3.616467864399279364e+00 1.709140189032869905e+00 0.000000000000000000e+00
-3.843800922265117936e+00 1.106885030160688510e+00 0.000000000000000000e+00
-3.971581555299992683e+00 4.759621304272952380e-01 0.000000000000000000e+00
-3.996500312228379315e+00 -1.672879384727657126e-01 0.000000000000000000e+00
-3.917911810335052092e+00 -8.062053376386902892e-01 0.000000000000000000e+00
-3.737851450538408393e+00 -1.424242442039949097e+00 0.000000000000000000e+00
-3.460982701575826326e+00 -2.005392415312497789e+00 0.000000000000000000e+00
-3.094476318612978449e+00 -2.534603778412607866e+00 0.000000000000000000e+00
-2.647824624451656561e+00 -2.998170235017926011e+00 0.000000000000000000e+00
-2.132595663355305593e+00 -3.384085657402623237e+00 0.000000000000000000e+00
-1.562133594778997159e+00 -3.682355038838982964e+00 0.000000000000000000e+00
-9.512130866489267866e-01 -3.885253359021496600e+00 0.000000000000000000e+00
-3.156566592238886915e-01 -3.987525658035019127e+00 0.000000000000000000e+00
3.280751098682358480e-01 -3.986523137056267707e+00 0.000000000000000000e+00
9.633099059446937895e-01 -3.882271760851991882e+00 0.000000000000000000e+00
1.573595481460593914e+00 -3.677471585305153834e+00 0.000000000000000000e+00
2.143125760578330485e+00 -3.377426827385836106e+00 0.000000000000000000e+00
2.657150208229241528e+00 -2.989908488717889945e+00 0.000000000000000000e+00
3.102355861223785372e+00 -2.524953090718800919e+00 0.000000000000000000e+00
3.467212127005167677e+00 -1.994602733966917452e+00 0.000000000000000000e+00
3.742269419939830755e+00 -1.412593214121886209e+00 0.000000000000000000e+00
3.920403900621712179e+00 -7.939982720321649978e-01 0.000000000000000000e+00
3.997001979570887098e+00 -1.548391917649085681e-01 0.000000000000000000e+00
3.970079806777691012e+00 4.883301422357746446e-01 0.000000000000000000e+00
4.423887234599876983e+00 8.241490978847548776e-01 0.000000000000000000e+00
4.261569795691759310e+00 1.445345244724490108e+00 0.000000000000000000e+00
4.012499085095821982e+00 2.037118330413133727e+00 0.000000000000000000e+00
3.681745464219179809e+00 2.587421561458723041e+00 0.000000000000000000e+00
3.276042122968203962e+00 3.085052351020641126e+00 0.000000000000000000e+00
2.803648011418939046e+00 3.519880371272102071e+00 0.000000000000000000e+00
2.274179711410404980e+00 3.883053777661247707e+00 0.000000000000000000e+00
1.698415670670279987e+00 4.167179406939617969e+00 0.000000000000000000e+00
1.088076784701652144e+00 4.366473280645756461e+00 0.000000000000000000e+00
4.555877931508364731e-01 4.476878350227081249e+00 0.000000000000000000e+00
-1.861756520618251531e-01 4.496147086848845120e+00 0.000000000000000000e+00
-8.241490978847537674e-01 4.423887234599876983e+00 0.000000000000000000e+00
-1.445345244724489442e+00 4.261569795691759310e+00 0.000000000000000000e+00
-2.037118330413134171e+00 4.012499085095821982e+00 0.000000000000000000e+00
-2.587421561458722596e+00 3.681745464219180253e+00 0.000000000000000000e+00
-3.085052351020640682e+00 3.276042122968204406e+00 0.000000000000000000e+00
-3.519880371272101627e+00 2.803648011418939046e+00 0.000000000000000000e+00
-3.883053777661248596e+00 2.274179711410402760e+00 0.000000000000000000e+00
-4.167179406939617969e+00 1.698415670670279098e+00 0.000000000000000000e+00
-4.366473280645756461e+00 1.088076784701651700e+00 0.000000000000000000e+00
-4.476878350227081249e+00 4.555877931508367507e-01 0.000000000000000000e+00
-4.496147086848845120e+00 -1.861756520618248756e-01 0.000000000000000000e+00
-4.423887234599876983e+00 -8.241490978847554327e-01 0.000000000000000000e+00
-4.261569795691759310e+00 -1.445345244724490330e+00 0.000000000000000000e+00
-4.012499085095822871e+00 -2.037118330413131950e+00 0.000000000000000000e+00
-3.681745464219181141e+00 -2.587421561458721264e+00 0.000000000000000000e+00
-3.276042122968204406e+00 -3.085052351020640682e+00 0.000000000000000000e+00
-2.803648011418941266e+00 -3.519880371272099850e+00 0.000000000000000000e+00
-2.274179711410403204e+00 -3.883053777661248596e+00 0.000000000000000000e+00
-1.698415670670279320e+00 -4.167179406939617969e+00 0.000000000000000000e+00
-1.088076784701651922e+00 -4.366473280645756461e+00 0.000000000000000000e+00
-4.555877931508370282e-01 -4.476878350227081249e+00 0.000000000000000000e+00
1.861756520618246258e-01 -4.496147086848845120e+00 0.000000000000000000e+00
8.241490978847531013e-01 -4.423887234599876983e+00 0.000000000000000000e+00
1.445345244724488332e+00 -4.261569795691760199e+00 0.000000000000000000e+00
2.037118330413131950e+00 -4.012499085095822871e+00 0.000000000000000000e+00
2.587421561458720376e+00 -3.681745464219181141e+00 0.000000000000000000e+00
3.085052351020641570e+00 -3.276042122968203518e+00 0.000000000000000000e+00
3.519880371272102515e+00 -2.803648011418938157e+00 0.000000000000000000e+00
3.883053777661248596e+00 -2.274179711410403204e+00 0.000000000000000000e+00
4.167179406939617969e+00 -1.698415670670279543e+00 0.000000000000000000e+00
4.366473280645756461e+00 -1.088076784701652144e+00 0.000000000000000000e+00
4.476878350227081249e+00 -4.555877931508373058e-01 0.000000000000000000e+00
4.496147086848845120e+00 1.861756520618243482e-01 0.000000000000000000e+00
4.423887234599876983e+00 8.241490978847528792e-01 0.000000000000000000e+00
4.964299844040398924e+00 5.964285862200719990e-01 0.000000000000000000e+00
4.847273416190239992e+00 1.226352489578506288e+00 0.000000000000000000e+00
4.650654892856343814e+00 1.836139718962406242e+00 0.000000000000000000e+00
4.377672744756042178e+00 2.415777584923765264e+00 0.000000000000000000e+00
4.032809331214140869e+00 2.955748449728452965e+00 0.000000000000000000e+00
3.621727299946735368e+00 3.447186006704676231e+00 0.000000000000000000e+00
3.151176606542259506e+00 3.882020864753409128e+00 0.000000000000000000e+00
2.628883680377339438e+00 4.253113047527151913e+00 0.000000000000000000e+00
2.063424556860036230e+00 4.554369231644153970e+00 0.000000000000000000e+00
1.464084059165541296e+00 4.780842798889893608e+00 0.000000000000000000e+00
8.407033416963376471e-01 4.928815059551394206e+00 0.000000000000000000e+00
2.035182985989785198e-01 4.995856313199507959e+00 0.000000000000000000e+00
-4.370085093348076155e-01 4.980865744302787945e+00 0.000000000000000000e+00
-1.070359649627070864e+00 4.884089497588083084e+00 0.000000000000000000e+00
-1.686135514064146301e+00 4.707116636350924033e+00 0.000000000000000000e+00
-2.274225079976022634e+00 4.452853050080145536e+00 0.000000000000000000e+00
-2.824971932949034592e+00 4.125473739832820286e+00 0.000000000000000000e+00
-3.329332824883590281e+00 3.730354264832316247e+00 0.000000000000000000e+00
-3.779026163877933442e+00 3.273982475934475112e+00 0.000000000000000000e+00
-4.166667997738215945e+00 2.763851985295921576e+00 0.000000000000000000e+00
-4.485893258269391559e+00 2.208339121469621524e+00 0.000000000000000000e+00
-4.731460275518997172e+00 1.616565390321621276e+00 0.000000000000000000e+00
-4.899336845852860556e+00 9.982477001568998976e-01 0.000000000000000000e+00
-4.986766440627297570e+00 3.635388103536539850e-01 0.000000000000000000e+00
-4.992313468313234637e+00 -2.771393766650283030e-01 0.000000000000000000e+00
-4.915886846869423010e+00 -9.132669427808068896e-01 0.000000000000000000e+00
-4.758741499307043377e+00 -1.534398690944747345e+00 0.000000000000000000e+00
-4.523457747888552483e+00 -2.130335655024114594e+00 0.000000000000000000e+00
-4.213898945307469113e+00 -2.691292566544298381e+00 0.000000000000000000e+00
-3.835148038543962912e+00 -3.208058528526621878e+00 0.000000000000000000e+00
-3.393424107015954316e+00 -3.672148258162104106e+00 0.000000000000000000e+00
-2.895980245467018932e+00 -4.075941414920579930e+00 0.000000000000000000e+00
-2.350984468351207557e+00 -4.412807726331545943e+00 0.000000000000000000e+00
-1.767385591261542821e+00 -4.677215856874801680e+00 0.000000000000000000e+00
-1.154766291625379804e+00 -4.864824232356783185e+00 0.000000000000000000e+00
-5.231857614059652883e-01 -4.972552328438792912e+00 0.000000000000000000e+00
1.169854645514883662e-01 -4.998631252761466470e+00 0.000000000000000000e+00
7.552357924152443003e-01 -4.942632790108417495e+00 0.000000000000000000e+00
1.381085169447158201e+00 -4.805476433688246729e+00 0.000000000000000000e+00
1.984257166178914122e+00 -4.589414287081481802e+00 0.000000000000000000e+00
2.554847715099762162e+00 -4.297994084762044587e+00 0.000000000000000000e+00
3.083487735171246413e+00 -3.936000938395276538e+00 0.000000000000000000e+00
3.561496971878838735e+00 -3.509378765436678371e+00 0.000000000000000000e+00
3.981026526771081819e+00 -3.025132690171618677e+00 0.000000000000000000e+00
4.335187736155162952e+00 -2.491214019768248633e+00 0.000000000000000000e+00
4.618165282764307378e+00 -1.916389684033616980e+00 0.000000000000000000e+00
4.825312683106534273e+00 -1.310098282668601621e+00 0.000000000000000000e+00
4.953228582595120777e+00 -6.822951037217899195e-01 0.000000000000000000e+00
4.999812605696891232e+00 -4.328865803493689435e-02 0.000000000000000000e+00
4.964299844040398924e+00 5.964285862200702226e-01 0.000000000000000000e+00
5.447306729625017496e+00 7.595060193191314202e-01 0.000000000000000000e+00
5.322300723170975800e+00 1.386764223699800347e+00 0.000000000000000000e+00
5.125319729757173093e+00 1.995268820926608733e+00 0.000000000000000000e+00
4.859027579401811181e+00 2.576790830201895588e+00 0.000000000000000000e+00
4.527025416618554843e+00 3.123466163941848617e+00 0.000000000000000000e+00
4.133803001114684683e+00 3.627901976070360135e+00 0.000000000000000000e+00
3.684677991493176208e+00 4.083276637579899671e+00 0.000000000000000000e+00
3.185724033042440784e+00 4.483431987361446325e+00 0.000000000000000000e+00
2.643688622103050889e+00 4.822956610769256969e+00 0.000000000000000000e+00
2.065901857754947724e+00 5.097259019720761231e+00 0.000000000000000000e+00
1.460177314802055371e+00 5.302629744696253589e+00 0.000000000000000000e+00
8.347063785771199340e-01 5.436291498950609480e+00 0.000000000000000000e+00
1.979474705072696294e-01 5.496436736552125168e+00 0.000000000000000000e+00
-4.414883375254944342e-01 5.482252096340424430e+00 0.000000000000000000e+00
-1.074953773159355030e+00 5.393929401240849408e+00 0.000000000000000000e+00
-1.693882303077111295e+00 5.232663064188462165e+00 0.000000000000000000e+00
-2.289903980673544392e+00 5.000633935742093250e+00 0.000000000000000000e+00
-2.854958635224747798e+00 4.700979811821748733e+00 0.000000000000000000e+00
-3.381404871870071105e+00 4.337753000401630921e+00 0.000000000000000000e+00
-3.862123408368920430e+00 3.915865520996453686e+00 0.000000000000000000e+00
-4.290613351180053492e+00 3.441022678024001191e+00 0.000000000000000000e+00
-4.661080108894541496e+00 2.919645906350229581e+00 0.000000000000000000e+00
-4.968513754144048278e+00 2.358785932398575813e+00 0.000000000000000000e+00
-5.208756774274038825e+00 1.766027425170488829e+00 0.000000000000000000e+00
-5.378560294570286615e+00 1.149386426608561163e+00 0.000000000000000000e+00
-5.475628013715984288e+00 5.172019483806487017e-01 0.000000000000000000e+00
-5.498647257327798243e+00 -1.219767989475085967e-01 0.000000000000000000e+00
-5.447306729625018384e+00 -7.595060193191290887e-01 0.000000000000000000e+00
-5.322300723170975800e+00 -1.386764223699800791e+00 0.000000000000000000e+00
-5.125319729757173093e+00 -1.995268820926607178e+00 0.000000000000000000e+00
-4.859027579401811181e+00 -2.576790830201896032e+00 0.000000000000000000e+00
-4.527025416618554843e+00 -3.123466163941846840e+00 0.000000000000000000e+00
-4.133803001114686460e+00 -3.627901976070359247e+00 0.000000000000000000e+00
-3.684677991493174876e+00 -4.083276637579901447e+00 0.000000000000000000e+00
-3.185724033042439451e+00 -4.483431987361447213e+00 0.000000000000000000e+00
-2.643688622103051777e+00 -4.822956610769256081e+00 0.000000000000000000e+00
-2.065901857754945503e+00 -5.097259019720762119e+00 0.000000000000000000e+00
-1.460177314802056037e+00 -5.302629744696253589e+00 0.000000000000000000e+00
-8.347063785771231537e-01 -5.436291498950609480e+00 0.000000000000000000e+00
-1.979474705072715168e-01 -5.496436736552125168e+00 0.000000000000000000e+00
4.414883375254901043e-01 -5.482252096340424430e+00 0.000000000000000000e+00
1.074953773159353032e+00 -5.393929401240849408e+00 0.000000000000000000e+00
1.693882303077107299e+00 -5.232663064188463053e+00 0.000000000000000000e+00
2.289903980673543948e+00 -5.000633935742093250e+00 0.000000000000000000e+00
2.854958635224745134e+00 -4.700979811821750509e+00 0.000000000000000000e+00
3.381404871870070661e+00 -4.337753000401630921e+00 0.000000000000000000e+00
3.862123408368918209e+00 -3.915865520996456350e+00 0.000000000000000000e+00
4.290613351180052604e+00 -3.441022678024001635e+00 0.000000000000000000e+00
4.661080108894541496e+00 -2.919645906350227804e+00 0.000000000000000000e+00
4.968513754144047390e+00 -2.358785932398576257e+00 0.000000000000000000e+00
5.208756774274037937e+00 -1.766027425170491716e+00 0.000000000000000000e+00
5.378560294570286615e+00 -1.149386426608561829e+00 0.000000000000000000e+00
5.475628013715985176e+00 -5.172019483806445939e-01 0.000000000000000000e+00
5.498647257327798243e+00 1.219767989475079029e-01 0.000000000000000000e+00
5.447306729625018384e+00 7.595060193191283116e-01 0.000000000000000000e+00
5.114505208741937370e-01 2.239519497763460820e-01 1.000000000000000000e+00
-5.114505208741936260e-01 -2.239519497763461930e-01 1.000000000000000000e+00
5.114505208741936260e-01 2.239519497763463873e-01 1.000000000000000000e+00
1.096009996606078118e+00 1.532096552135524536e-01 1.000000000000000000e+00
4.153215447830477247e-01 1.025777327469336253e+00 1.000000000000000000e+00
-6.806884518230303938e-01 8.725676722557840215e-01 1.000000000000000000e+00
-1.096009996606078118e+00 -1.532096552135528977e-01 1.000000000000000000e+00
-4.153215447830476137e-01 -1.025777327469336253e+00 1.000000000000000000e+00
6.806884518230301717e-01 -8.725676722557840215e-01 1.000000000000000000e+00
1.096009996606078118e+00 1.532096552135527590e-01 1.000000000000000000e+00
1.442407051874953661e+00 8.114720554038845624e-01 1.000000000000000000e+00
6.899605109592401586e-01 1.504320276176873250e+00 1.000000000000000000e+00
-3.260274942476591997e-01 1.622569281415925380e+00 1.000000000000000000e+00
-1.217484077918912888e+00 1.121051970255587671e+00 1.000000000000000000e+00
-1.643903124586967746e+00 1.913309096126513398e-01 1.000000000000000000e+00
-1.442407051874954105e+00 -8.114720554038837852e-01 1.000000000000000000e+00
-6.899605109592406027e-01 -1.504320276176873028e+00 1.000000000000000000e+00
3.260274942476583115e-01 -1.622569281415925602e+00 1.000000000000000000e+00
1.217484077918912666e+00 -1.121051970255587671e+00 1.000000000000000000e+00
1.643903124586967524e+00 -1.913309096126530051e-01 1.000000000000000000e+00
1.442407051874954105e+00 8.114720554038835632e-01 1.000000000000000000e+00
2.034079072624952911e+00 8.468766758430587016e-01 1.000000000000000000e+00
1.465195900600672063e+00 1.645563353578573862e+00 1.000000000000000000e+00
6.061127110139526986e-01 2.118326027627733588e+00 1.000000000000000000e+00
-3.730185344736576813e-01 2.171528252341401455e+00 1.000000000000000000e+00
-1.278268884436654318e+00 1.794632674632568925e+00 1.000000000000000000e+00
-1.930342404897903874e+00 1.062288085987390662e+00 1.000000000000000000e+00
-2.200087937973140839e+00 1.195443138040053338e-01 1.000000000000000000e+00
-2.034079072624952911e+00 -8.468766758430583685e-01 1.000000000000000000e+00
-1.465195900600672285e+00 -1.645563353578573862e+00 1.000000000000000000e+00
-6.061127110139538088e-01 -2.118326027627733144e+00 1.000000000000000000e+00
3.730185344736564046e-01 -2.171528252341401899e+00 1.000000000000000000e+00
1.278268884436653430e+00 -1.794632674632569813e+00 1.000000000000000000e+00
1.930342404897903208e+00 -1.062288085987391772e+00 1.000000000000000000e+00
2.200087937973140839e+00 -1.195443138040065550e-01 1.000000000000000000e+00
2.034079072624953355e+00 8.468766758430572583e-01 1.000000000000000000e+00
2.711250213724763380e+00 4.698847976066764520e-01 1.000000000000000000e+00
2.387031753117389243e+00 1.368849463620367635e+00 1.000000000000000000e+00
1.774902034247358262e+00 2.102710682254939289e+00 1.000000000000000000e+00
9.486929352828914475e-01 2.582953959904971786e+00 1.000000000000000000e+00
8.057467106754321109e-03 2.751654869649946988e+00 1.000000000000000000e+00
-9.335498505180070961e-01 2.588465592014359995e+00 1.000000000000000000e+00
-1.762557278441871711e+00 2.113069162298296888e+00 1.000000000000000000e+00
-2.378974286010635097e+00 1.382805406029580686e+00 1.000000000000000000e+00
-2.708451884765365580e+00 4.857549097594207610e-01 1.000000000000000000e+00
-2.711250213724763380e+00 -4.698847976066754528e-01 1.000000000000000000e+00
-2.387031753117389243e+00 -1.368849463620366746e+00 1.000000000000000000e+00
-1.774902034247358484e+00 -2.102710682254939289e+00 1.000000000000000000e+00
-9.486929352828924467e-01 -2.582953959904971342e+00 1.000000000000000000e+00
-8.057467106756491249e-03 -2.751654869649946988e+00 1.000000000000000000e+00
9.335498505180063189e-01 -2.588465592014359995e+00 1.000000000000000000e+00
1.762557278441870601e+00 -2.113069162298297776e+00 1.000000000000000000e+00
2.378974286010634653e+00 -1.382805406029580686e+00 1.000000000000000000e+00
2.708451884765365136e+00 -4.857549097594223708e-01 1.000000000000000000e+00
2.711250213724763825e+00 4.698847976066750642e-01 1.000000000000000000e+00
3.274517178290514252e+00 4.093131430583774599e-01 1.000000000000000000e+00
3.026559386207079871e+00 1.315271181833548964e+00 1.000000000000000000e+00
2.533407752294884574e+00 2.114673771675474878e+00 1.000000000000000000e+00
1.835014489047797959e+00 2.742758068985423403e+00 1.000000000000000000e+00
9.879592651494334410e-01 3.148640419356486309e+00 1.000000000000000000e+00
6.086545720864915132e-02 3.299438648636883187e+00 1.000000000000000000e+00
-8.711593080943681455e-01 3.182935981121917113e+00 1.000000000000000000e+00
-1.732607927239475432e+00 2.808570770065608624e+00 1.000000000000000000e+00
-2.453690956335741635e+00 2.206671858432102784e+00 1.000000000000000000e+00
-2.975990536811687015e+00 1.426001516411285364e+00 1.000000000000000000e+00
-3.257193062892357549e+00 5.298050122883902757e-01 1.000000000000000000e+00
-3.274517178290514252e+00 -4.093131430583781261e-01 1.000000000000000000e+00
-3.026559386207079871e+00 -1.315271181833549186e+00 1.000000000000000000e+00
-2.533407752294884130e+00 -2.114673771675475766e+00 1.000000000000000000e+00
-1.835014489047796182e+00 -2.742758068985424735e+00 1.000000000000000000e+00
-9.879592651494318867e-01 -3.148640419356487197e+00 1.000000000000000000e+00
-6.086545720864808967e-02 -3.299438648636883187e+00 1.000000000000000000e+00
8.711593080943654810e-01 -3.182935981121917557e+00 1.000000000000000000e+00
1.732607927239475210e+00 -2.808570770065608624e+00 1.000000000000000000e+00
2.453690956335743856e+00 -2.206671858432101008e+00 1.000000000000000000e+00
2.975990536811686127e+00 -1.426001516411286918e+00 1.000000000000000000e+00
3.257193062892357105e+00 -5.298050122883934954e-01 1.000000000000000000e+00
3.274517178290514252e+00 4.093131430583777375e-01 1.000000000000000000e+00
